	GSM495218	GSM495221	GSM495224	GSM495227	GSM495230	GSM495233	GSM495236	GSM495239	GSM495242	GSM495245	GSM495248
1367452_at	10.61070006	10.10240332	10.54688508	10.12726101	10.40335538	10.33596991	10.42247684	10.25770938	10.28700276	10.24956409	10.12843996
1367453_at	9.353454898	9.341296246	9.454594971	9.52289193	9.300842602	9.323396495	9.369971385	9.335911903	9.406646684	9.397160427	9.391937945
1367454_at	9.501580483	9.706748262	9.183315009	9.613463996	9.222099355	9.543155991	9.528829613	9.448391977	9.366571115	9.513466908	9.549386444
1367455_at	10.19034106	10.57083488	10.22385968	10.63223987	10.46337445	10.55509366	10.5418023	10.56085231	10.45552093	10.44344313	10.54769638
1367456_at	10.71669433	10.92627152	10.46967396	10.83158514	10.62790036	10.86320431	10.74810574	10.76254339	10.66889961	10.69913287	10.75294932
1367457_at	8.861868033	8.552818117	8.88232186	8.60225946	8.725745433	8.648832063	8.706496665	8.695021909	8.773224341	8.667240896	8.627272918
1367458_at	6.940662317	7.346208397	7.247938583	7.368939014	7.102393883	7.18148919	7.064885386	7.128923455	7.114020866	7.350257736	7.305317287
1367459_at	11.61935393	11.30800143	11.4622364	11.32281543	11.30922571	11.39604144	11.43504245	11.33683243	11.37228238	11.32913664	11.29696846
1367460_at	11.52398947	11.16296331	11.06467394	11.02670416	11.07389224	11.10755691	11.14752006	11.0937552	11.05228583	10.9680487	10.97486826
1367461_at	9.190044931	9.524697413	8.900503509	9.315132167	9.171085137	9.323487736	9.13343088	9.190651862	9.122826672	9.109579616	9.136194135
1367462_at	10.28807679	9.590831639	10.14431195	9.69215131	10.01024675	9.881152132	9.998085518	9.829744519	9.866196243	9.866405234	9.771138612
1367463_at	9.16058129	9.986750165	9.350904443	9.933615738	9.682481239	9.717614872	9.716026404	9.738916812	9.618852502	9.789049179	9.718198071
1367464_at	9.208378541	8.772295446	9.026591433	9.097647716	9.098764347	8.900675184	8.994894365	8.897668846	8.893975371	8.885011908	8.901072685
1367465_at	9.313059117	9.408200885	9.182025992	9.368585209	9.336559066	9.353016114	9.389335528	9.309371046	9.196734212	9.300327694	9.300099709
1367466_at	9.871764424	9.707020538	9.793797952	9.819457677	9.8123166	9.801692083	9.790327036	9.733088585	9.720989575	9.693775993	9.793028635
1367467_at	10.15481836	10.4215353	10.23132536	10.45519134	10.46135642	10.43172663	10.42207041	10.3871403	10.31521053	10.38261838	10.39360503
1367468_at	8.437597292	8.854176553	8.099776039	8.715294982	8.333121621	8.47381992	8.562976257	8.600457249	8.357400759	8.402501464	8.562190083
1367469_at	11.70719088	11.41336723	11.42461406	11.31125661	11.37616421	11.5025941	11.39739103	11.43714455	11.372773	11.356111	11.32865926
1367470_at	10.19514008	10.07851035	9.708689505	9.914808524	9.987805561	10.06583839	9.970531191	9.960140865	9.867647042	9.822856329	9.863850077
1367471_at	8.706867492	8.607282866	8.227676127	8.393489948	8.30355237	8.41447726	8.399039608	8.378240138	8.293067335	8.281938903	8.324739223
1367472_at	9.266637314	9.002327589	9.371826674	9.256638367	9.311995633	9.244491301	9.22713933	9.232933473	9.274798395	9.129049354	9.235015025
1367473_at	9.002526446	9.085280488	9.005285941	8.996288156	8.979009886	9.009951664	8.920697064	8.985221334	9.008013396	8.914712578	8.969549675
1367474_at	8.395420854	8.475747969	7.819315851	8.429997397	8.23184012	8.254023468	8.246014949	8.190646098	8.036721149	8.110757317	8.226895117
1367475_at	10.89918589	10.30113336	10.20522538	10.07024703	9.930186889	10.43574536	10.35781856	10.27249373	10.24864433	10.02955804	10.05665899
1367476_at	10.90082209	10.69495586	10.91028397	10.75220434	10.79693387	10.71741402	10.80177452	10.82078239	10.84102656	10.7761447	10.78560106
1367477_at	9.405447298	9.643626812	9.283425234	9.593710267	9.521886605	9.560029562	9.552683934	9.510744255	9.420565667	9.472408483	9.494129763
1367478_at	7.918044507	7.633787036	7.512195033	7.584823832	7.717977613	7.704166075	7.616273437	7.497810675	7.476535943	7.42347373	7.431919128
1367479_at	10.05967841	10.15220882	10.34368712	10.23345948	10.2932954	10.22080898	10.24772703	10.21750946	10.22996416	10.25151981	10.30348991
1367480_at	9.182936057	8.869934685	8.671898823	8.705075571	8.824155032	8.820533957	8.854819252	8.709287001	8.65484063	8.602172239	8.571359041
1367481_at	9.697914131	9.277998555	9.183037535	9.09057699	9.281891072	9.367756759	9.288613712	9.215739668	9.11695216	9.060031619	9.012727847
1367482_at	8.821071723	8.888520304	8.777178356	9.045698321	8.957642586	8.887131414	8.901626907	8.823649041	8.842755796	8.814473908	8.847120985
1367483_at	7.942979816	8.211320401	8.019220098	8.209443778	8.049241728	8.05154567	8.12140556	8.084403936	7.978809616	8.033499886	8.074326246
1367484_at	9.970670322	9.620037911	9.822647798	9.590650841	9.653349036	9.645354325	9.627032318	9.574166926	9.564105887	9.529004121	9.495839858
1367485_at	10.19711903	9.934929553	9.98432488	9.933257407	9.773102976	10.01704645	9.970296878	9.913155225	9.942736491	9.863752153	9.934892242
1367486_at	7.931103162	8.506149542	7.756536205	8.32341158	8.167540081	8.211626038	8.145224546	8.199849099	7.962706474	8.07796518	8.182632656
1367487_at	7.646443353	7.443312558	7.416863282	7.358397418	7.490501548	7.369731216	7.380999172	7.316409365	7.369526042	7.459353507	7.531041827
1367488_at	8.171611552	7.872807587	8.480189466	8.100786992	8.251778121	8.202410649	8.136259952	8.166856628	8.235598106	8.18665396	8.188865619
1367489_at	6.423030238	6.057249349	6.605446957	6.268686922	6.491767311	6.218654904	6.167219808	6.181419473	6.379859089	6.315305475	6.359416741
1367490_at	7.413425738	7.263584561	7.340012279	7.219647289	7.327403068	7.24416768	7.324275719	7.28123236	7.280148275	7.20806136	7.28003385
1367491_at	8.727645941	8.991891413	8.594953439	8.756982599	8.653278195	8.794813125	8.636151266	8.752647679	8.588151219	8.696592005	8.724621157
1367492_at	9.479727203	8.994424973	9.19298672	8.949620395	9.134883767	9.026446855	9.060463249	9.04614358	9.105808345	8.922103053	8.910154247
1367493_at	8.796876059	8.747388054	8.800999129	8.842100807	8.927465966	8.852517833	8.86095411	8.722777123	8.819386654	8.746958324	8.8037585
1367494_at	9.293929558	9.503798029	9.070911367	9.316723988	9.218273694	9.33947301	9.304015912	9.277371793	9.190384664	9.188149279	9.198375433
1367495_at	7.884053339	7.396957704	7.851017412	7.735649035	7.801699708	7.650115133	7.690450374	7.567371143	7.584755802	7.536515582	7.561936293
1367496_at	10.6710398	10.63780958	10.26238885	10.51606435	10.359943	10.54048943	10.54411	10.58246495	10.42836452	10.47573449	10.46519777
1367497_at	8.494860451	8.098330721	8.576056809	8.314735187	8.653351114	8.319373573	8.33363744	8.321706856	8.315456671	8.364559625	8.229969823
1367498_at	8.510291147	8.329247502	8.355883511	8.361257445	8.331216661	8.408577938	8.385574142	8.236379996	8.236115284	8.215824451	8.230370085
1367499_at	7.120057195	7.127711337	6.877122196	7.029386215	7.034229636	7.155339396	6.947900376	6.968276523	7.0379789	7.006792011	6.95615546
1367500_at	9.870754249	9.859619195	9.602485722	9.642481767	9.726025452	9.731970592	9.689967543	9.658640049	9.594824517	9.606562835	9.639606899
1367501_at	7.826015583	7.975999071	7.971330804	8.037322393	7.931612263	8.067976813	7.899496965	7.954726296	7.96990008	7.947074984	8.11424852
1367502_at	7.637396896	7.933959434	7.785085247	7.933959434	7.874454447	7.909975508	7.835979744	7.840156198	7.812590763	7.821480457	7.942438764
1367503_at	9.83862292	10.0795482	9.701002902	10.00934319	9.866695362	10.01905471	9.951565543	9.944652054	9.887153418	9.839258282	9.938618459
1367504_at	7.802564775	7.695847902	7.823937257	7.842157661	7.900586295	7.77458357	7.766195957	7.653584924	7.716965188	7.791769377	7.763909708
1367505_at	8.217978492	8.230943127	8.360688493	8.321418058	8.204463678	8.264515811	8.214639088	8.170713977	8.192115457	8.125487149	8.07236385
1367506_at	8.11325981	8.812832602	8.4281168	8.77160245	8.645561571	8.700302126	8.536061669	8.563451817	8.555898228	8.708832198	8.708948327
1367507_at	6.106238452	6.412134505	5.615373521	6.309273529	6.156717491	6.142774859	6.07177995	6.079394927	5.947234888	5.871577449	6.13676384
1367508_at	7.638772449	8.007437895	7.903614155	8.110751669	8.02682963	8.005224193	7.932933722	7.993346447	7.898064892	7.88912304	7.985381482
1367509_at	9.289993067	9.274688872	9.436598874	9.289131135	9.287641723	9.252935496	9.244283246	9.324519266	9.386106187	9.31466832	9.386989447
1367510_at	8.978655505	9.070716887	9.132186684	9.225444674	9.084431159	9.113118645	9.172391162	9.046762887	9.063947162	9.072649111	9.153373923
1367511_at	8.205345257	8.08497352	7.451015721	7.759867355	7.771953143	7.9455739	7.719068133	7.855854415	7.66662472	7.645224865	7.738009408
1367512_at	11.40310179	11.01468916	11.30065056	10.98461741	11.20580594	11.13304477	11.21010999	11.1183627	11.15121939	11.10504201	11.0064206
1367513_at	7.756944047	7.645268175	7.419770186	7.582593831	7.288791404	7.616450948	7.558915046	7.568599137	7.381353753	7.419430814	7.431595419
1367514_at	7.083787921	7.294637619	7.028537902	7.102396992	7.016483154	7.029679308	6.995790677	6.994085479	6.940546981	6.937112042	7.084229668
1367515_at	8.662175306	8.182426939	8.843904674	8.422348882	8.508297096	8.411126164	8.34248303	8.446035332	8.563722802	8.556604321	8.576770645
1367516_at	7.710678652	7.947690842	8.135029393	8.066977007	8.121885867	7.815618713	8.000961451	7.965794879	7.904888419	7.980603923	8.001592582
1367517_at	8.032995971	7.757075806	7.316515447	7.466309979	7.673929432	7.57240874	7.489878672	7.475547428	7.402520205	7.23772049	7.241578742
1367518_at	8.354187693	8.032761986	8.725991312	8.341734864	8.637224518	8.295285545	8.414236294	8.460421268	8.560612802	8.541192051	8.520934136
1367519_at	8.520697134	8.313060761	8.607534494	8.449604554	8.579884878	8.40940848	8.462254065	8.47501703	8.45684739	8.411896634	8.398100199
1367520_at	8.876855515	9.018101091	8.915433364	9.024081179	8.97731942	8.927105341	8.987955526	8.956052802	8.813787077	8.939583451	8.911644475
1367521_at	6.650955602	6.441321269	6.289158159	6.404806395	6.433946959	6.320283968	6.424533392	6.338379432	6.365399627	6.152303843	6.159965352
1367522_at	7.985948558	8.166205346	7.987009336	8.10109509	8.089390719	8.138281201	7.971603186	7.878573127	8.003294731	8.053415702	8.026146262
1367523_at	8.749536818	8.418109024	8.759448099	8.622317615	8.797667478	8.517318383	8.632636833	8.521452594	8.523143035	8.576786213	8.518943252
1367524_at	6.633797238	6.737646146	6.456005322	6.595363004	6.518472512	6.53718542	6.546470098	6.31346034	6.511306733	6.524174126	6.538083884
1367525_at	9.299539623	8.996901178	8.819381791	8.874090224	8.856418942	9.044242644	9.022396049	8.936940655	8.930276042	8.802981802	8.787995835
1367526_at	8.469032085	8.67631719	8.557546845	8.66417865	8.787648456	8.589525452	8.525712018	8.487545493	8.628238923	8.614804225	8.62155909
1367527_at	7.518468389	7.576907699	7.71526026	7.82034051	7.759769473	7.604013855	7.639951805	7.614830165	7.644175787	7.468907841	7.700374365
1367528_at	8.351838191	8.309309569	7.955103541	8.132842932	8.057305809	8.205853084	8.236129058	8.040317053	8.071144638	7.975004834	8.111027289
1367529_at	7.986401866	8.439615926	7.99695904	8.32341158	8.099881946	8.280195593	8.201306062	8.222595062	8.085493367	8.116693868	8.286436226
1367530_at	8.701824544	8.255571044	8.996445431	8.610966182	8.843612973	8.502128737	8.652354653	8.667668921	8.76734546	8.729021712	8.732630849
1367531_at	10.23721927	9.842479058	10.13486944	9.968173652	10.11946197	10.04112957	10.12281524	10.031474	10.06828525	9.955572653	9.979145608
1367532_at	11.21598489	10.87033729	10.58098393	10.63228513	10.65217388	10.87117947	10.81038717	10.77413746	10.72852838	10.56864037	10.56708884
1367533_at	8.937874304	8.7066668	9.295477039	8.983884659	9.117676228	8.85039314	9.030975459	8.937906471	9.083738416	8.931068477	8.977014271
1367534_at	8.907961424	8.387729629	8.71724089	8.275987338	8.745155651	8.511258316	8.642245921	8.446791634	8.455153719	8.387307258	8.342689309
1367535_at	7.065248134	7.443646021	7.524781408	7.356407921	7.552058461	7.313789013	7.26788555	7.380219252	7.641132414	7.477522145	7.610988491
1367536_at	7.009281337	7.451536234	6.793810237	7.324499091	6.950256734	7.188326688	7.223706908	7.138276444	7.075230126	6.980928463	7.134417163
1367537_at	7.552508982	7.2424178	7.429554228	7.373469651	7.407219014	7.513304808	7.440356997	7.460423314	7.280579131	7.276053351	7.300014426
1367538_at	9.262220356	8.63139069	8.991219811	8.726329197	8.88185161	8.803930169	8.8104764	8.785084088	8.790069953	8.612531957	8.598394504
1367539_at	8.898217547	8.692910755	8.52220718	8.542252499	8.528355659	8.590624123	8.569184503	8.467265835	8.484248837	8.437204074	8.364453497
1367540_at	7.34462147	7.167479711	6.683834842	7.19556597	7.091924463	7.24827037	7.066153367	7.067401974	6.891539991	6.556008191	6.84581306
1367541_at	7.826046951	7.890822169	7.973792859	8.156066187	7.973177528	7.987101978	7.961046984	7.878713678	7.922848202	7.931138793	8.030423382
1367542_at	7.988154443	7.858741834	7.420730385	7.786842598	7.57167111	7.824115509	7.685153185	7.733943931	7.551905442	7.548580423	7.600055009
1367543_at	7.852801029	8.121512834	7.662994275	7.918773237	8.001064601	7.862879081	7.893125814	7.794958599	7.782547005	7.680176456	7.753000899
1367544_at	7.263673967	6.983136975	6.991899479	6.97078015	6.964427785	6.966978225	7.041518321	7.063925837	6.86449037	6.786101855	6.93958653
1367545_at	8.261084467	7.808811951	8.174581652	7.891661051	7.992409286	7.882165577	7.825958665	7.986312914	7.874334021	7.923713017	7.861553054
1367546_at	9.228610216	9.477437944	9.08992153	9.301719978	9.437754074	9.357292665	9.304939658	9.239101155	9.232702052	9.275713096	9.202682243
1367547_at	9.015820482	8.430815797	8.984071342	8.565237269	8.806545443	8.666497151	8.771579538	8.697289682	8.784749143	8.535930478	8.657859599
1367548_at	7.361124387	7.497572333	7.462076725	7.524655378	7.530439991	7.627616921	7.510010617	7.481501269	7.598966066	7.48429478	7.560293581
1367549_a_at	10.80408799	10.35549733	10.99852138	10.62026823	10.90105956	10.60959897	10.70000774	10.68019101	10.760559	10.66219348	10.67385934
1367550_a_at	8.337502027	8.245449948	8.252343518	8.202522407	8.395216756	8.183943779	8.200595347	8.125298694	8.174687361	8.232336459	8.019857802
1367551_a_at	8.920454249	9.022165888	8.618175731	8.879424104	8.700189095	8.925633942	8.875172828	8.805795598	8.663684932	8.697101195	8.733770761